           0  0.000119967 -0.000650832  2.52496e-05  8.71113e-05   0.00015575  2.56231e-05   0.00068016  0.000758865 -0.000285349  0.000213898  -9.1394e-05   7.9477e-05 -7.62572e-05  0.000132885 -0.000182622 -7.09673e-05  -0.00018357 -0.000336846 -0.000294171 -0.000109592 -2.60278e-05
 0.000119967            0    0.0037538 -0.000157426  -0.00059804  -0.00101397 -0.000163934 -0.000404831 -0.000204847  0.000524811  0.000676048   0.00017771 -0.000180803   0.00108342  0.000252809 -0.000119201  7.86783e-06  -0.00022025  0.000118971   0.00011227  0.000226937 -7.43553e-05
-0.000650832    0.0037538            0  0.000481258 -0.000208439  0.000128599 -0.000497931 -0.000128289  4.10923e-05  0.000480838 -0.000247316  -0.00038385 -0.000236497  1.92536e-05  1.26471e-05 -8.65566e-05 -0.000298265 -0.000284633 -0.000185698 -0.000182147 -4.24256e-05  2.78026e-05
 2.52496e-05 -0.000157426  0.000481258            0 -6.30221e-05  -0.00034713 -0.000361287  5.39393e-06  7.76302e-05 -0.000388971  -0.00062647  0.000161454  0.000110505 -6.68945e-06  0.000193904 -0.000171066  0.000205911  0.000207407 -0.000395461  1.08637e-05  0.000169239 -4.56394e-05
 8.71113e-05  -0.00059804 -0.000208439 -6.30221e-05            0 -0.000668922  -0.00101772  0.000743638 -6.72141e-05  0.000213224    8.297e-05  0.000160448  6.29346e-05 -0.000324504  5.02585e-05 -0.000473087  0.000210782  5.30797e-05 -0.000170069 -0.000361675 -4.45812e-05 -6.49764e-05
  0.00015575  -0.00101397  0.000128599  -0.00034713 -0.000668922            0  0.000129615 -5.00477e-05  5.22038e-05  0.000462065  0.000231837 -0.000365769  9.18175e-06   0.00028237 -0.000159244  0.000110355 -9.25644e-05  0.000219891   0.00013131 -0.000137948  3.94538e-05 -6.41214e-05
 2.56231e-05 -0.000163934 -0.000497931 -0.000361287  -0.00101772  0.000129615            0  0.000102779 -0.000114843 -7.14611e-05  0.000292146     -0.00017 -9.20792e-05 -0.000160486 -7.30796e-05  0.000153206 -6.16923e-06  0.000727469 -0.000313716 -0.000155283 -4.59267e-05  0.000110741
  0.00068016 -0.000404831 -0.000128289  5.39393e-06  0.000743638 -5.00477e-05  0.000102779            0 -0.000107075 -3.89665e-05  5.72876e-06 -0.000140753  2.45141e-05 -0.000165797 -0.000143768  5.78072e-05 -0.000112772 -0.000282507 -0.000306914  0.000147816 -5.77588e-05  8.86292e-05
 0.000758865 -0.000204847  4.10923e-05  7.76302e-05 -6.72141e-05  5.22038e-05 -0.000114843 -0.000107075            0 -0.000950286 -9.44093e-06  0.000180552   0.00012907 -0.000191113  0.000384341  0.000106139   0.00109717   0.00016612 -0.000116814 -8.72596e-07 -0.000116737 -0.000112778
-0.000285349  0.000524811  0.000480838 -0.000388971  0.000213224  0.000462065 -7.14611e-05 -3.89665e-05 -0.000950286            0 -0.000765762 -0.000489155 -0.000308089  1.03261e-05 -9.54469e-06 -0.000332743 -7.27176e-05 -3.89469e-05 -8.08663e-05   -0.0015996  5.92039e-05  -6.7836e-05
 0.000213898  0.000676048 -0.000247316  -0.00062647    8.297e-05  0.000231837  0.000292146  5.72876e-06 -9.44093e-06 -0.000765762            0 -3.29404e-06  8.26033e-05 -0.000314929  2.80623e-05  0.000168882  0.000350573  0.000166825 -9.13838e-05 -0.000379505  -8.6559e-05  4.01485e-05
 -9.1394e-05   0.00017771  -0.00038385  0.000161454  0.000160448 -0.000365769     -0.00017 -0.000140753  0.000180552 -0.000489155 -3.29404e-06            0  0.000207439 -0.000313597 -6.71426e-05  0.000180924 -5.26048e-05 -0.000157631 -0.000218754  7.12532e-05  0.000216688 -0.000161985
  7.9477e-05 -0.000180803 -0.000236497  0.000110505  6.29346e-05  9.18175e-06 -9.20792e-05  2.45141e-05   0.00012907 -0.000308089  8.26033e-05  0.000207439            0  0.000533289 -0.000202162 -0.000194021  6.55144e-05 -4.62742e-05   0.00022459 -6.39456e-05   4.3925e-05  0.000163496
-7.62572e-05   0.00108342  1.92536e-05 -6.68945e-06 -0.000324504   0.00028237 -0.000160486 -0.000165797 -0.000191113  1.03261e-05 -0.000314929 -0.000313597  0.000533289            0 -1.33754e-05 -9.69139e-05 -0.000300257 -0.000395503  0.000377684 -0.000392634 -8.96979e-05  0.000622668
 0.000132885  0.000252809  1.26471e-05  0.000193904  5.02585e-05 -0.000159244 -7.30796e-05 -0.000143768  0.000384341 -9.54469e-06  2.80623e-05 -6.71426e-05 -0.000202162 -1.33754e-05            0 -0.000252529  0.000233082 -0.000181765    0.0010553  0.000344475  1.71604e-05  0.000262354
-0.000182622 -0.000119201 -8.65566e-05 -0.000171066 -0.000473087  0.000110355  0.000153206  5.78072e-05  0.000106139 -0.000332743  0.000168882  0.000180924 -0.000194021 -9.69139e-05 -0.000252529            0 -9.80896e-05 -0.000717763 -8.90574e-05 -0.000465296 -0.000206397  9.37431e-05
-7.09673e-05  7.86783e-06 -0.000298265  0.000205911  0.000210782 -9.25644e-05 -6.16923e-06 -0.000112772   0.00109717 -7.27176e-05  0.000350573 -5.26048e-05  6.55144e-05 -0.000300257  0.000233082 -9.80896e-05            0 -0.000714547   0.00427876  0.000302351  -0.00112519   0.00176318
 -0.00018357  -0.00022025 -0.000284633  0.000207407  5.30797e-05  0.000219891  0.000727469 -0.000282507   0.00016612 -3.89469e-05  0.000166825 -0.000157631 -4.62742e-05 -0.000395503 -0.000181765 -0.000717763 -0.000714547            0  -0.00028293  -0.00171514  0.000198386 -0.000324644
-0.000336846  0.000118971 -0.000185698 -0.000395461 -0.000170069   0.00013131 -0.000313716 -0.000306914 -0.000116814 -8.08663e-05 -9.13838e-05 -0.000218754   0.00022459  0.000377684    0.0010553 -8.90574e-05   0.00427876  -0.00028293            0    0.0015142  4.63833e-06 -0.000271121
-0.000294171   0.00011227 -0.000182147  1.08637e-05 -0.000361675 -0.000137948 -0.000155283  0.000147816 -8.72596e-07   -0.0015996 -0.000379505  7.12532e-05 -6.39456e-05 -0.000392634  0.000344475 -0.000465296  0.000302351  -0.00171514    0.0015142            0 -0.000468182 -0.000639743
-0.000109592  0.000226937 -4.24256e-05  0.000169239 -4.45812e-05  3.94538e-05 -4.59267e-05 -5.77588e-05 -0.000116737  5.92039e-05  -8.6559e-05  0.000216688   4.3925e-05 -8.96979e-05  1.71604e-05 -0.000206397  -0.00112519  0.000198386  4.63833e-06 -0.000468182            0 -2.77696e-05
-2.60278e-05 -7.43553e-05  2.78026e-05 -4.56394e-05 -6.49764e-05 -6.41214e-05  0.000110741  8.86292e-05 -0.000112778  -6.7836e-05  4.01485e-05 -0.000161985  0.000163496  0.000622668  0.000262354  9.37431e-05   0.00176318 -0.000324644 -0.000271121 -0.000639743 -2.77696e-05            0